None
[m ] 39.78 37 2.785 2.785
[m ] 53.97 54 0.03 -0.03
[m ] 64.51 64 0.5066666667 0.5066666667
[m ] 79.72 80 0.275 -0.275
[m ] 94.58 94 0.585 0.585
[m ] 179.89 178 1.89 1.89
[m ] 205.00 203 2.0 2.0
[m ] 221.54 223 1.463333333 -1.463333333
[m ] 237.29 236 1.29 1.29
[m ] 254.51 254 0.515 0.515
[m ] 33.06 33 0.065 0.065
[m ] 59.84 64 4.164 -4.164
[m ] 71.04 68 3.04 3.04
[m ] 80.64 79 1.64 1.64
[m ] 85.66 88 2.3433333333 -2.3433333333
[m ] 90.83 93 2.165 -2.165
[m ] 98.16 98 0.1566666667 0.1566666667
[m ] 106.33 104 2.335 2.335
[m ] 110.75 110 0.753333333 0.753333333
[m ] 121.25 121 0.246666667 0.246666667
[m ] 133.35 138 4.645 -4.645
[m ] 162.24 157 5.2425 5.2425
[m ] 173.44 167 6.435 6.435
[m ] 184.28 181 3.28 3.28
[m ] 43.40 43 0.4033333333 0.4033333333
[m ] 49.66 51 1.345 -1.345
[m ] 86.03 82 4.025 4.025
[m ] 88.16 87 1.155 1.155
[m ] 108.74 108 0.74 0.74
[m ] 127.25 132 4.75 -4.75
[m ] 156.26 155 1.26 1.26
[m ] 209.22 208 1.216666667 1.216666667
[m ] 225.43 226 0.566666667 -0.566666667
[m ] 34.74 38 3.255 -3.255
[m ] 46.22 55 8.785 -8.785
[m ] 54.81 62 7.1933333333 -7.1933333333
[m ] 75.47 68 7.474 7.474
[m ] 95.85 95 0.8533333333 0.8533333333
[m ] 105.46 104 1.4625 1.4625
[m ] 109.18 119 9.816666667 -9.816666667
[m ] 153.53 153 0.535 0.535
[m ] 34.43 40 5.5725 -5.5725
[m ] 53.85 52 1.855 1.855
[m ] 56.95 57 0.05 -0.05
[m ] 62.87 62 0.8725 0.8725
[m ] 66.00 66 0.005 -0.005
[m ] 69.56 68 1.555 1.555
[m ] 80.45 80 0.45 0.45
[m ] 98.73 98 0.735 0.735
[m ] 107.00 105 2.005 2.005
[m ] 109.94 111 1.055 -1.055
[m ] 114.86 115 0.145 -0.145
[m ] 125.13 122 3.128 3.128
[m ] 135.23 135 0.23 0.23
[m ] 139.91 139 0.91 0.91
[m ] 148.27 148 0.27 0.27
[m ] 149.51 150 0.49 -0.49
[m ] 151.30 151 0.3 0.3
[m ] 158.40 159 0.6 -0.6
[m ] 163.03 162 1.025 1.025
[m ] 168.45 168 0.45 0.45
[m ] 171.02 174 2.983333333 -2.983333333
[m ] 182.33 182 0.33 0.33
[m ] 184.79 186 1.21 -1.21
[m ] 195.57 199 3.425 -3.425
[m ] 225.12 224 1.123333333 1.123333333
[m ] 41.04 40 1.0433333333 1.0433333333
[m ] 46.40 48 1.605 -1.605
[m ] 65.69 64 1.695 1.695
[m ] 68.08 68 0.085 0.085
[m ] 74.78 74 0.78 0.78
[m ] 78.03 79 0.965 -0.965
[m ] 83.07 86 2.9333333333 -2.9333333333
[m ] 94.08 96 1.92 -1.92
[m ] 103.35 102 1.346666667 1.346666667
[m ] 108.83 109 0.165 -0.165
[m ] 110.79 110 0.79 0.79
[m ] 111.42 115 3.575 -3.575
[m ] 121.96 122 0.04 -0.04
[m ] 125.77 125 0.765 0.765
[m ] 137.78 140 2.225 -2.225
[m ] 162.75 158 4.753333333 4.753333333
[m ] 174.68 175 0.323333333 -0.323333333
[m ] 184.35 185 0.653333333 -0.653333333
[m ] 193.29 189 4.286666667 4.286666667
[m ] 194.90 200 5.105 -5.105
[m ] 219.21 217 2.205 2.205
[m ] 225.68 227 1.32 -1.32
[m ] 244.29 246 1.705 -1.705
[m ] 250.60 252 1.395 -1.395
[m ] 77.75 78 0.245 -0.245
[m ] 91.33 92 0.67 -0.67
[m ] 117.42 117 0.42 0.42
[m ] 128.40 128 0.4 0.4
[m ] 157.59 156 1.595 1.595
[m ] 164.46 160 4.46 4.46
[m ] 180.04 179 1.045 1.045
[m ] 185.65 184 1.65 1.65
[m ] 196.76 196 0.76 0.76
[m ] 199.70 200 0.296666667 -0.296666667
[m ] 206.37 206 0.366666667 0.366666667
[m ] 216.38 214 2.376666667 2.376666667
[m ] 222.87 223 0.135 -0.135
[m ] 244.96 247 2.045 -2.045
[m ] 275.33 272 3.335 3.335
[m ] 298.51 296 2.51 2.51
[m ] 303.80 302 1.795 1.795
[m ] 331.98 332 0.02 -0.02
[m ] 341.21 344 2.79 -2.79
[m ] 55.87 52 3.865 3.865
[m ] 91.91 92 0.09 -0.09
[m ] 102.07 99 3.073333333 3.073333333
[m ] 119.69 118 1.69 1.69
[m ] 131.99 134 2.015 -2.015
[m ] 153.86 152 1.863333333 1.863333333
[m ] 223.75 230 6.255 -6.255
[m ] 234.04 234 0.045 0.045
[m ] 241.27 239 2.27 2.27
[m ] 285.94 280 5.945 5.945
[m ] 328.41 330 1.586666667 -1.586666667
[m ] 333.29 333 0.29 0.29
[m ] 20.57 27 6.4333333333 -6.4333333333
[m ] 56.65 64 7.3466666667 -7.3466666667
[m ] 71.14 68 3.14 3.14
[m ] 78.22 76 2.22 2.22
[m ] 94.77 96 1.235 -1.235
[m ] 109.11 108 1.11 1.11
[m ] 133.52 132 1.516666667 1.516666667
[m ] 143.76 144 0.24 -0.24
[m ] 152.59 156 3.415 -3.415
[m ] 162.02 164 1.976666667 -1.976666667
[m ] 167.77 169 1.233333333 -1.233333333
[m ] 190.03 193 2.97 -2.97
[m ] 199.56 199 0.56 0.56
[m ] 240.26 234 6.265 6.265
[m ] 253.74 252 1.735 1.735
[m ] 13.65 8 5.6525 5.6525
[m ] 25.64 22 3.64 3.64
[m ] 33.27 27 6.2666666667 6.2666666667
[m ] 45.17 42 3.175 3.175
[m ] 52.59 54 1.405 -1.405
[m ] 61.19 63 1.8075 -1.8075
[m ] 91.86 91 0.865 0.865
[m ] 109.77 117 7.2325 -7.2325
[m ] 118.87 119 0.13 -0.13
[m ] 120.33 123 2.6675 -2.6675
[m ] 145.25 142 3.245 3.245
[m ] 18.68 20 1.3233333333 -1.3233333333
[m ] 27.11 27 0.115 0.115
[m ] 34.06 32 2.0633333333 2.0633333333
[m ] 41.49 41 0.4933333333 0.4933333333
[m ] 54.30 53 1.295 1.295
[m ] 66.26 66 0.26 0.26
[m ] 75.16 76 0.84 -0.84
[m ] 81.82 81 0.82 0.82
[m ] 87.00 87 0.0025 0.0025
[m ] 92.47 92 0.475 0.475
[m ] 105.23 104 1.233333333 1.233333333
[m ] 134.25 135 0.745 -0.745
[m ] 153.51 151 2.51 2.51
[m ] 84.20 86 1.795 -1.795
[m ] 107.95 108 0.0475 -0.0475
[m ] 116.59 121 4.41 -4.41
[m ] 132.88 133 0.115 -0.115
[m ] 147.83 148 0.17 -0.17
[m ] 166.09 164 2.09 2.09
[m ] 170.28 169 1.275 1.275
[m ] 179.51 177 2.51 2.51
[m ] 220.12 222 1.88 -1.88
[m ] 225.94 228 2.065 -2.065
[m ] 245.48 241 4.48 4.48
[m ] 52.13 51 1.135 1.135
[m ] 55.34 50 5.335 5.335
[m ] 58.22 57 1.2233333333 1.2233333333
[m ] 64.19 61 3.195 3.195
[m ] 73.81 73 0.81 0.81
[m ] 87.29 83 4.2866666667 4.2866666667
[m ] 93.85 95 1.1466666667 -1.1466666667
[m ] 135.43 134 1.433333333 1.433333333
[m ] 169.96 169 0.96 0.96
[m ] 172.21 171 1.205 1.205
[m ] 176.03 174 2.03 2.03
[m ] 179.85 179 0.855 0.855
[m ] 181.37 181 0.37 0.37
[m ] 190.35 188 2.355 2.355
[m ] 246.23 243 3.23 3.23
[m ] 32.73 37 4.265 -4.265
[m ] 43.47 46 2.53 -2.53
[m ] 71.56 71 0.5566666667 0.5566666667
[m ] 74.54 73 1.5366666667 1.5366666667
[m ] 79.52 77 2.515 2.515
[m ] 89.72 89 0.715 0.715
[m ] 92.83 93 0.165 -0.165
[m ] 119.92 116 3.923333333 3.923333333
[m ] 136.36 137 0.643333333 -0.643333333
[m ] 149.38 148 1.385 1.385
[m ] 166.50 163 3.505 3.505
[m ] 5.25 5 0.245 0.245
[m ] 13.77 11 2.77 2.77
[m ] 27.81 26 1.81 1.81
[m ] 39.24 37 2.2366666667 2.2366666667
[m ] 58.60 55 3.598 3.598
[m ] 63.66 71 7.3433333333 -7.3433333333
[m ] 70.69 72 1.305 -1.305
[m ] 28.08 34 5.92 -5.92
[m ] 40.17 41 0.825 -0.825
[m ] 45.83 44 1.83 1.83
[m ] 50.04 50 0.04 0.04
[m ] 54.43 53 1.43 1.43
[m ] 56.80 56 0.8 0.8
[m ] 66.12 64 2.1166666667 2.1166666667
[m ] 74.67 66 8.665 8.665
[m ] 76.30 75 1.295 1.295
[m ] 77.89 77 0.895 0.895
[m ] 79.49 79 0.49 0.49
[m ] 85.76 79 6.7633333333 6.7633333333
[m ] 89.91 86 3.905 3.905
[m ] 108.09 106 2.086666667 2.086666667
[m ] 110.77 102 8.765 8.765
[m ] 122.84 121 1.84 1.84
[m ] 129.79 128 1.793333333 1.793333333
[m ] 144.79 145 0.21 -0.21
[m ] 166.84 166 0.845 0.845
[m ] 178.72 176 2.725 2.725
[m ] 212.53 205 7.53 7.53
[m ] 224.44 217 7.44 7.44
[m ] 34.09 35 0.9125 -0.9125
[m ] 40.42 39 1.42 1.42
[m ] 44.06 42 2.0633333333 2.0633333333
[m ] 49.27 49 0.275 0.275
[m ] 50.98 50 0.98 0.98
[m ] 51.98 51 0.975 0.975
[m ] 55.54 57 1.4566666667 -1.4566666667
[m ] 58.73 63 4.265 -4.265
[m ] 66.16 65 1.16 1.16
[m ] 70.12 70 0.12 0.12
[m ] 75.85 76 0.15 -0.15
[m ] 98.00 96 2.0 2.0
[m ] 107.42 103 4.4175 4.4175
[m ] 119.16 114 5.1625 5.1625
[m ] 123.60 122 1.6 1.6
[m ] 129.47 128 1.465 1.465
[m ] 31.31 28 3.31 3.31
[m ] 34.99 34 0.99 0.99
[m ] 37.84 37 0.845 0.845
[m ] 52.45 51 1.445 1.445
[m ] 64.25 63 1.245 1.245
[m ] 68.41 68 0.41 0.41
[m ] 93.81 96 2.195 -2.195
[m ] 107.51 110 2.49 -2.49
[m ] 115.19 115 0.185 0.185
[m ] 124.47 122 2.466666667 2.466666667
[m ] 139.85 138 1.855 1.855
[m ] 157.34 160 2.66 -2.66
[m ] 165.37 166 0.6325 -0.6325
[m ] 171.09 172 0.915 -0.915
[m ] 181.21 185 3.79 -3.79
[m ] 190.21 193 2.795 -2.795
[m ] 195.96 195 0.96 0.96
[m ] 203.42 202 1.416666667 1.416666667
[m ] 208.34 207 1.345 1.345
[m ] 213.75 213 0.75 0.75
[m ] 218.26 216 2.26 2.26
[m ] 244.24 243 1.235 1.235
[m ] 256.66 254 2.66 2.66
[m ] 273.90 271 2.9 2.9
[m ] 16.33 14 2.3333333333 2.3333333333
[m ] 79.67 81 1.335 -1.335
[m ] 90.38 96 5.625 -5.625
[m ] 190.39 189 1.39 1.39
[m ] 194.69 193 1.685 1.685
[m ] 197.59 198 0.405 -0.405
[m ] 229.82 232 2.18 -2.18
[m ] 241.44 242 0.565 -0.565
[m ] 258.38 255 3.385 3.385
[m ] 272.74 269 3.744 3.744
[m ] 293.45 290 3.455 3.455
[m ] 307.10 304 3.095 3.095
[m ] 316.65 313 3.646666667 3.646666667
[m ] 330.81 330 0.806666667 0.806666667
[m ] 350.94 350 0.935 0.935
[m ] 360.81 362 1.195 -1.195
[m ] 368.63 364 4.635 4.635
[m ] 19.02 17 2.0166666667 2.0166666667
[m ] 40.62 47 6.375 -6.375
[m ] 42.97 51 8.03 -8.03
[m ] 44.74 54 9.26 -9.26
[m ] 47.16 55 7.84 -7.84
[m ] 52.53 57 4.47 -4.47
[m ] 57.91 59 1.09 -1.09
[m ] 64.22 65 0.775 -0.775
[m ] 68.23 68 0.235 0.235
[m ] 74.02 73 1.0166666667 1.0166666667
[m ] 80.37 82 1.6266666667 -1.6266666667
[m ] 84.16 85 0.84 -0.84
[m ] 86.18 87 0.82 -0.82
[m ] 94.88 99 4.12 -4.12
[m ] 112.85 112 0.853333333 0.853333333
[m ] 123.72 124 0.276666667 -0.276666667
[m ] 131.44 128 3.443333333 3.443333333
[m ] 166.59 166 0.59 0.59
[m ] 171.04 172 0.963333333 -0.963333333
[m ] 176.63 176 0.626666667 0.626666667
[m ] 48.06 49 0.94 -0.94
[m ] 57.51 57 0.505 0.505
[m ] 68.39 67 1.39 1.39
[m ] 71.74 69 2.74 2.74
[m ] 84.64 85 0.3566666667 -0.3566666667
[m ] 92.18 90 2.1766666667 2.1766666667
[m ] 97.03 95 2.035 2.035
[m ] 107.81 103 4.815 4.815
[m ] 109.97 113 3.025 -3.025
[m ] 122.47 121 1.465 1.465
[m ] 126.04 124 2.04 2.04
[m ] 137.75 135 2.755 2.755
[m ] 141.87 141 0.87 0.87
[m ] 10.82 10 0.825 0.825
[m ] 21.45 22 0.555 -0.555
[m ] 55.06 55 0.0633333333 0.0633333333
[m ] 76.72 74 2.7166666667 2.7166666667
[m ] 89.45 86 3.4533333333 3.4533333333
[m ] 105.10 102 3.103333333 3.103333333
[m ] 109.70 108 1.704 1.704
[m ] 122.49 119 3.49 3.49
[m ] 130.05 132 1.95 -1.95
[m ] 137.84 139 1.155 -1.155
[m ] 145.38 143 2.375 2.375
[m ] 8.96 9 0.045 -0.045
[m ] 51.22 52 0.785 -0.785
[m ] 88.66 97 8.345 -8.345
[m ] 103.39 100 3.393333333 3.393333333
[m ] 113.06 112 1.065 1.065
[m ] 123.31 123 0.313333333 0.313333333
[m ] 131.53 130 1.533333333 1.533333333
[m ] 139.32 137 2.316666667 2.316666667
[m ] 152.19 150 2.186666667 2.186666667
[m ] 171.89 167 4.886666667 4.886666667
[m ] 183.58 182 1.576666667 1.576666667
[m ] 65.62 66 0.375 -0.375
[m ] 98.89 102 3.11 -3.11
[m ] 103.21 103 0.21 0.21
[m ] 109.78 108 1.78 1.78
[m ] 112.29 106 6.2875 6.2875
[m ] 117.41 112 5.41 5.41
[m ] 124.40 121 3.4 3.4
[m ] 148.00 147 1.0025 1.0025
[m ] 165.61 165 0.608333333 0.608333333
[m ] 175.35 175 0.35 0.35
[m ] 189.76 184 5.756666667 5.756666667
[m ] 214.43 214 0.433333333 0.433333333
[m ] 217.68 218 0.32 -0.32
[m ] 229.82 231 1.18 -1.18
[m ] 274.11 265 9.106666667 9.106666667
[m ] 300.03 298 2.03 2.03
[m ] 304.54 308 3.465 -3.465
[m ] 314.87 318 3.126666667 -3.126666667
[m ] 338.73 345 6.275 -6.275
[m ] 342.05 352 9.955 -9.955
[m ] 19.93 19 0.935 0.935
[m ] 35.34 31 4.34 4.34
[m ] 50.66 51 0.3433333333 -0.3433333333
[m ] 79.97 73 6.965 6.965
[m ] 99.94 97 2.9366666667 2.9366666667
[m ] 109.80 107 2.803333333 2.803333333
[m ] 118.42 115 3.415 3.415
[m ] 126.28 124 2.28 2.28
[m ] 138.81 136 2.81 2.81
[m ] 149.69 145 4.695 4.695
[m ] 151.34 154 2.66 -2.66
[m ] 161.07 162 0.93 -0.93
[m ] 166.58 167 0.42 -0.42
[m ] 174.50 173 1.495 1.495
[m ] 187.01 185 2.01 2.01
[m ] 203.36 201 2.36 2.36
[m ] 249.33 249 0.33 0.33
[m ] 272.44 267 5.445 5.445
[m ] 296.97 297 0.033333333 -0.033333333
=====================================
GLOBAL Precision: 0.7741 Recall:0.8415  F1:0.8064  F2:0.8271  m:377  fp:110  fn:71
