None
[m ] 19.89 15 4.895 4.895
[m ] 25.70 22 3.705 3.705
[m ] 38.34 38 0.34 0.34
[m ] 41.88 43 1.12 -1.12
[m ] 54.36 50 4.36 4.36
[m ] 58.33 57 1.33 1.33
[m ] 130.84 139 8.165 -8.165
[m ] 145.75 145 0.75 0.75
[m ] 162.86 164 1.142 -1.142
[m ] 178.38 179 0.615 -0.615
[m ] 204.32 203 1.325 1.325
[m ] 54.84 53 1.84 1.84
[m ] 70.89 79 8.115 -8.115
[m ] 109.27 102 7.266666667 7.266666667
[m ] 120.73 120 0.735 0.735
[m ] 146.32 148 1.675 -1.675
[m ] 153.91 153 0.91 0.91
[m ] 176.92 176 0.916666667 0.916666667
[m ] 189.66 187 2.66 2.66
[m ] 195.06 194 1.065 1.065
[m ] 211.32 215 3.68 -3.68
[m ] 242.63 235 7.63 7.63
[m ] 253.40 252 1.4 1.4
[m ] 270.38 271 0.615 -0.615
[m ] 16.38 20 3.6233333333 -3.6233333333
[m ] 30.27 30 0.27 0.27
[m ] 44.65 44 0.6533333333 0.6533333333
[m ] 54.63 56 1.37 -1.37
[m ] 72.10 70 2.1 2.1
[m ] 134.91 134 0.91 0.91
[m ] 157.30 162 4.702 -4.702
[m ] 172.68 165 7.68 7.68
[m ] 10.84 9 1.8433333333 1.8433333333
[m ] 25.36 25 0.355 0.355
[m ] 31.23 29 2.23 2.23
[m ] 33.63 34 0.37 -0.37
[m ] 39.72 38 1.715 1.715
[m ] 50.00 49 1.0033333333 1.0033333333
[m ] 55.87 58 2.1266666667 -2.1266666667
[m ] 68.42 66 2.425 2.425
[m ] 79.14 75 4.145 4.145
[m ] 90.28 95 4.72 -4.72
[m ] 114.11 110 4.1125 4.1125
[m ] 129.66 125 4.66 4.66
[m ] 141.62 144 2.376666667 -2.376666667
[m ] 149.87 147 2.87 2.87
[m ] 59.83 59 0.83 0.83
[m ] 66.97 66 0.965 0.965
[m ] 107.59 106 1.59 1.59
[m ] 136.15 132 4.146666667 4.146666667
[m ] 244.26 245 0.735 -0.735
[m ] 273.20 274 0.8 -0.8
[m ] 293.29 297 3.715 -3.715
[m ] 29.17 28 1.17 1.17
[m ] 44.24 43 1.2366666667 1.2366666667
[m ] 63.08 64 0.92 -0.92
[m ] 69.13 73 3.87 -3.87
[m ] 166.28 160 6.275 6.275
[m ] 194.04 194 0.04 0.04
[m ] 206.15 204 2.15 2.15
[m ] 209.12 211 1.88 -1.88
[m ] 215.80 217 1.196666667 -1.196666667
[m ] 241.19 245 3.81 -3.81
[m ] 248.61 254 5.393333333 -5.393333333
[m ] 326.09 323 3.09 3.09
[m ] 386.02 390 3.98 -3.98
[m ] 35.38 34 1.375 1.375
[m ] 47.43 53 5.57 -5.57
[m ] 77.53 74 3.53 3.53
[m ] 165.21 168 2.786666667 -2.786666667
[m ] 179.15 175 4.145 4.145
[m ] 245.47 237 8.47 8.47
[m ] 265.81 267 1.19 -1.19
[m ] 279.06 279 0.055 0.055
[m ] 302.45 304 1.553333333 -1.553333333
[m ] 326.33 322 4.326666667 4.326666667
[m ] 33.86 29 4.8633333333 4.8633333333
[m ] 40.87 41 0.13 -0.13
[m ] 44.29 43 1.29 1.29
[m ] 82.75 85 2.245 -2.245
[m ] 104.73 104 0.7275 0.7275
[m ] 192.09 188 4.095 4.095
[m ] 206.78 205 1.78 1.78
[m ] 55.67 52 3.668 3.668
[m ] 71.64 74 2.3633333333 -2.3633333333
[m ] 77.08 77 0.08 0.08
[m ] 86.71 89 2.29 -2.29
[m ] 100.89 98 2.885 2.885
[m ] 111.11 109 2.105 2.105
[m ] 123.33 126 2.666666667 -2.666666667
[m ] 160.59 166 5.406666667 -5.406666667
[m ] 195.70 196 0.3 -0.3
[m ] 204.63 204 0.63 0.63
[m ] 209.16 211 1.84 -1.84
[m ] 212.33 212 0.33 0.33
[m ] 80.28 80 0.285 0.285
[m ] 98.08 97 1.08 1.08
[m ] 106.11 106 0.11 0.11
[m ] 126.31 125 1.305 1.305
[m ] 150.89 144 6.886666667 6.886666667
[m ] 163.69 163 0.685 0.685
[m ] 175.59 178 2.406666667 -2.406666667
[m ] 192.70 192 0.7 0.7
[m ] 199.22 199 0.225 0.225
[m ] 218.07 221 2.925 -2.925
[m ] 229.19 228 1.195 1.195
[m ] 260.45 258 2.45 2.45
[m ] 270.06 271 0.935 -0.935
[m ] 29.29 30 0.7133333333 -0.7133333333
[m ] 48.93 48 0.9266666667 0.9266666667
[m ] 55.60 55 0.6 0.6
[m ] 61.31 62 0.69 -0.69
[m ] 82.31 79 3.31 3.31
[m ] 97.81 97 0.805 0.805
[m ] 85.31 89 3.685 -3.685
[m ] 96.33 98 1.675 -1.675
[m ] 109.44 110 0.56 -0.56
[m ] 116.49 114 2.49 2.49
[m ] 130.80 134 3.2 -3.2
[m ] 157.54 153 4.54 4.54
[m ] 174.97 169 5.9725 5.9725
[m ] 211.15 208 3.146666667 3.146666667
[m ] 219.23 221 1.77 -1.77
[m ] 233.41 238 4.59 -4.59
[m ] 274.52 275 0.475 -0.475
[m ] 279.87 279 0.865 0.865
[m ] 286.43 284 2.425 2.425
[m ] 301.23 299 2.225 2.225
[m ] 311.97 311 0.97 0.97
[m ] 327.05 323 4.05 4.05
[m ] 359.85 356 3.845 3.845
[m ] 384.84 385 0.16 -0.16
[m ] 442.20 442 0.203333333 0.203333333
[m ] 26.28 28 1.72 -1.72
[m ] 43.17 40 3.1733333333 3.1733333333
[m ] 49.78 48 1.785 1.785
[m ] 55.91 59 3.095 -3.095
[m ] 65.95 71 5.046 -5.046
[m ] 118.74 119 0.26 -0.26
[m ] 129.12 129 0.123333333 0.123333333
[m ] 164.09 162 2.09 2.09
[m ] 171.90 170 1.896666667 1.896666667
[m ] 206.12 201 5.12 5.12
[m ] 251.46 246 5.455 5.455
[m ] 273.53 267 6.526666667 6.526666667
[m ] 168.24 171 2.763333333 -2.763333333
[m ] 227.12 227 0.12 0.12
[m ] 257.35 261 3.65 -3.65
[m ] 267.92 269 1.085 -1.085
[m ] 325.88 325 0.885 0.885
[m ] 435.82 440 4.18 -4.18
[m ] 23.01 20 3.0066666667 3.0066666667
[m ] 39.14 37 2.14 2.14
[m ] 52.26 53 0.745 -0.745
[m ] 80.10 86 5.9 -5.9
[m ] 132.66 126 6.655 6.655
[m ] 170.01 173 2.993333333 -2.993333333
[m ] 221.31 227 5.69 -5.69
[m ] 236.82 237 0.175 -0.175
[m ] 241.68 242 0.325 -0.325
[m ] 246.20 245 1.2 1.2
[m ] 250.81 244 6.815 6.815
[m ] 258.00 258 0.005 0.005
[m ] 270.81 270 0.805 0.805
[m ] 281.07 279 2.075 2.075
[m ] 38.16 38 0.165 0.165
[m ] 49.77 52 2.235 -2.235
[m ] 56.29 58 1.71 -1.71
[m ] 72.04 81 8.96 -8.96
[m ] 102.33 95 7.335 7.335
[m ] 111.81 115 3.19 -3.19
[m ] 129.03 128 1.03 1.03
[m ] 135.23 134 1.23 1.23
[m ] 194.04 194 0.04 0.04
[m ] 201.02 201 0.02 0.02
[m ] 233.88 236 2.115 -2.115
[m ] 74.67 74 0.6666666667 0.6666666667
[m ] 85.19 85 0.195 0.195
[m ] 108.00 112 4.0 -4.0
[m ] 126.22 126 0.225 0.225
[m ] 145.99 152 6.015 -6.015
[m ] 168.06 167 1.056666667 1.056666667
[m ] 186.37 184 2.37 2.37
[m ] 214.78 214 0.785 0.785
[m ] 245.40 251 5.605 -5.605
[m ] 283.00 286 3.005 -3.005
[m ] 47.45 39 8.455 8.455
[m ] 58.79 59 0.2125 -0.2125
[m ] 94.64 91 3.645 3.645
[m ] 98.29 98 0.29 0.29
[m ] 103.09 105 1.905 -1.905
[m ] 114.44 115 0.556666667 -0.556666667
[m ] 158.39 153 5.386666667 5.386666667
[m ] 164.03 163 1.03 1.03
[m ] 172.57 172 0.575 0.575
[m ] 194.92 201 6.08 -6.08
[m ] 210.57 210 0.57 0.57
[m ] 232.71 241 8.295 -8.295
[m ] 22.25 23 0.75 -0.75
[m ] 35.22 38 2.785 -2.785
[m ] 56.94 56 0.94 0.94
[m ] 74.59 72 2.5866666667 2.5866666667
[m ] 110.57 102 8.57 8.57
[m ] 18.57 20 1.43 -1.43
[m ] 27.29 28 0.71 -0.71
[m ] 36.44 39 2.56 -2.56
[m ] 44.62 52 7.375 -7.375
[m ] 5.55 6 0.45333333333 -0.45333333333
[m ] 14.29 14 0.295 0.295
[m ] 20.31 20 0.31 0.31
[m ] 24.20 23 1.195 1.195
[m ] 29.50 29 0.505 0.505
[m ] 67.57 65 2.5725 2.5725
[m ] 72.24 65 7.24 7.24
[m ] 75.86 66 9.855 9.855
[m ] 78.47 74 4.475 4.475
[m ] 85.47 78 7.468 7.468
[m ] 91.22 90 1.215 1.215
[m ] 96.89 98 1.115 -1.115
[m ] 128.96 126 2.96 2.96
[m ] 132.00 131 1.005 1.005
[m ] 134.69 136 1.306666667 -1.306666667
[m ] 155.53 156 0.465 -0.465
[m ] 31.67 37 5.33 -5.33
[m ] 72.39 72 0.395 0.395
[m ] 79.31 77 2.3133333333 2.3133333333
[m ] 85.64 84 1.645 1.645
[m ] 127.17 127 0.175 0.175
[m ] 146.93 145 1.925 1.925
[m ] 150.34 150 0.34 0.34
[m ] 52.99 51 1.995 1.995
[m ] 79.97 83 3.03 -3.03
[m ] 108.60 108 0.596666667 0.596666667
[m ] 154.53 160 5.475 -5.475
[m ] 221.95 219 2.95 2.95
[m ] 228.42 228 0.42 0.42
[m ] 250.43 246 4.425 4.425
[m ] 350.51 349 1.515 1.515
[m ] 383.81 376 7.81 7.81
[m ] 407.25 407 0.25 0.25
=====================================
GLOBAL Precision: 0.7869 Recall:0.7921  F1:0.7895  F2:0.7911  m:240  fp:65  fn:63
