None
[m ] 98.20 100 1.795 -1.795
[m ] 116.36 108 8.363333333 8.363333333
[m ] 125.99 131 5.01 -5.01
[m ] 138.45 138 0.453333333 0.453333333
[m ] 153.29 156 2.71 -2.71
[m ] 199.96 202 2.036666667 -2.036666667
[m ] 216.57 211 5.566666667 5.566666667
[m ] 222.49 217 5.49 5.49
[m ] 245.18 250 4.82 -4.82
[m ] 271.51 270 1.5125 1.5125
[m ] 284.79 288 3.21 -3.21
[m ] 309.17 315 5.835 -5.835
[m ] 350.75 348 2.75 2.75
[m ] 373.38 371 2.38 2.38
[m ] 112.86 111 1.86 1.86
[m ] 114.63 115 0.366666667 -0.366666667
[m ] 118.19 119 0.815 -0.815
[m ] 138.10 135 3.101666667 3.101666667
[m ] 154.50 149 5.496666667 5.496666667
[m ] 167.62 166 1.615 1.615
[m ] 171.17 172 0.826666667 -0.826666667
[m ] 178.26 180 1.743333333 -1.743333333
[m ] 185.62 189 3.38 -3.38
[m ] 193.77 200 6.233333333 -6.233333333
[m ] 211.55 217 5.446 -5.446
[m ] 237.16 234 3.1625 3.1625
[m ] 246.04 242 4.04 4.04
[m ] 255.20 258 2.8 -2.8
[m ] 262.05 266 3.95 -3.95
[m ] 275.02 279 3.983333333 -3.983333333
[m ] 26.20 22 4.205 4.205
[m ] 58.69 53 5.692 5.692
[m ] 88.87 83 5.8666666667 5.8666666667
[m ] 145.78 152 6.22 -6.22
[m ] 166.86 164 2.86 2.86
[m ] 186.70 189 2.3 -2.3
[m ] 209.12 208 1.12 1.12
[m ] 216.56 223 6.436 -6.436
[m ] 236.88 232 4.88 4.88
[m ] 255.25 250 5.245 5.245
[m ] 23.14 20 3.14 3.14
[m ] 38.84 42 3.16 -3.16
[m ] 45.75 47 1.25 -1.25
[m ] 60.99 63 2.0133333333 -2.0133333333
[m ] 142.24 145 2.765 -2.765
[m ] 152.48 150 2.48 2.48
[m ] 159.54 162 2.46 -2.46
[m ] 175.61 178 2.39 -2.39
[m ] 204.97 206 1.035 -1.035
[m ] 222.57 222 0.57 0.57
[m ] 236.69 227 9.695 9.695
[m ] 266.00 260 6.005 6.005
[m ] 273.23 273 0.23 0.23
[m ] 292.63 295 2.37 -2.37
[m ] 312.72 310 2.72 2.72
[m ] 401.74 393 8.735 8.735
[m ] 19.57 16 3.5666666667 3.5666666667
[m ] 31.41 29 2.415 2.415
[m ] 43.56 41 2.56 2.56
[m ] 55.49 54 1.495 1.495
[m ] 74.76 72 2.76 2.76
[m ] 121.55 116 5.55 5.55
[m ] 130.57 126 4.57 4.57
[m ] 149.18 155 5.82 -5.82
[m ] 162.99 163 0.00999999999999 -0.00999999999999
[m ] 173.54 170 3.545 3.545
[m ] 178.96 178 0.955 0.955
[m ] 188.00 187 1.0 1.0
[m ] 207.31 206 1.31 1.31
[m ] 219.06 226 6.945 -6.945
[m ] 234.71 237 2.29 -2.29
[m ] 250.51 252 1.49 -1.49
[m ] 262.82 268 5.18 -5.18
[m ] 40.57 38 2.57 2.57
[m ] 48.25 45 3.2533333333 3.2533333333
[m ] 56.06 55 1.0633333333 1.0633333333
[m ] 59.84 69 9.1633333333 -9.1633333333
[m ] 75.84 78 2.155 -2.155
[m ] 37.83 36 1.8333333333 1.8333333333
[m ] 116.39 109 7.39 7.39
[m ] 147.28 145 2.285 2.285
[m ] 179.81 179 0.806666667 0.806666667
[m ] 216.30 208 8.3 8.3
[m ] 274.11 270 4.105 4.105
[m ] 285.87 282 3.865 3.865
[m ] 36.84 29 7.84 7.84
[m ] 47.59 48 0.41 -0.41
[m ] 58.22 63 4.785 -4.785
[m ] 75.71 76 0.29 -0.29
[m ] 94.59 96 1.41 -1.41
[m ] 18.23 14 4.2333333333 4.2333333333
[m ] 23.15 20 3.15 3.15
[m ] 61.70 54 7.696 7.696
[m ] 73.39 80 6.615 -6.615
[m ] 86.36 86 0.365 0.365
[m ] 18.46 17 1.46 1.46
[m ] 39.23 40 0.768 -0.768
[m ] 51.43 50 1.4333333333 1.4333333333
[m ] 72.18 69 3.18 3.18
[m ] 77.51 77 0.51 0.51
[m ] 100.56 98 2.563333333 2.563333333
[m ] 108.59 118 9.405 -9.405
[m ] 128.86 133 4.143333333 -4.143333333
[m ] 36.20 34 2.195 2.195
[m ] 56.70 61 4.305 -4.305
[m ] 72.87 71 1.87 1.87
[m ] 82.24 86 3.76 -3.76
[m ] 90.28 91 0.72 -0.72
[m ] 94.89 100 5.11 -5.11
[m ] 119.50 116 3.5 3.5
[m ] 144.71 136 8.705 8.705
[m ] 43.53 40 3.535 3.535
[m ] 53.76 57 3.24 -3.24
[m ] 114.57 110 4.57 4.57
[m ] 141.33 139 2.33 2.33
[m ] 156.07 156 0.07 0.07
[m ] 162.17 161 1.17 1.17
[m ] 185.43 180 5.43 5.43
[m ] 196.70 197 0.3 -0.3
[m ] 205.94 203 2.936666667 2.936666667
[m ] 216.10 215 1.105 1.105
[m ] 247.63 241 6.626666667 6.626666667
[m ] 256.56 251 5.555 5.555
[m ] 267.10 268 0.905 -0.905
[m ] 280.74 281 0.265 -0.265
[m ] 299.00 302 3.005 -3.005
[m ] 315.44 312 3.44 3.44
[m ] 328.21 326 2.206666667 2.206666667
[m ] 337.94 334 3.94 3.94
[m ] 14.37 12 2.37 2.37
[m ] 34.97 33 1.965 1.965
[m ] 40.63 39 1.6333333333 1.6333333333
[m ] 52.27 53 0.735 -0.735
[m ] 83.90 79 4.9 4.9
[m ] 92.10 100 7.9 -7.9
[m ] 106.55 110 3.455 -3.455
[m ] 115.78 117 1.225 -1.225
[m ] 131.15 135 3.853333333 -3.853333333
[m ] 138.84 140 1.156666667 -1.156666667
[m ] 157.50 155 2.503333333 2.503333333
[m ] 164.25 161 3.25 3.25
[m ] 172.91 171 1.91 1.91
[m ] 204.39 202 2.39 2.39
[m ] 216.84 225 8.155 -8.155
[m ] 226.54 227 0.46 -0.46
[m ] 228.97 229 0.03 -0.03
[m ] 231.89 232 0.11 -0.11
[m ] 235.12 240 4.88 -4.88
[m ] 246.12 251 4.883333333 -4.883333333
[m ] 255.01 255 0.00999999999999 0.00999999999999
[m ] 308.16 302 6.16 6.16
[m ] 331.69 325 6.69 6.69
[m ] 346.16 347 0.84 -0.84
[m ] 365.94 367 1.055 -1.055
[m ] 381.14 379 2.143333333 2.143333333
[m ] 386.64 385 1.636666667 1.636666667
[m ] 389.44 389 0.44 0.44
[m ] 13.29 8 5.2933333333 5.2933333333
[m ] 21.34 23 1.6566666667 -1.6566666667
[m ] 44.42 41 3.42 3.42
[m ] 58.87 61 2.13 -2.13
[m ] 64.54 68 3.46 -3.46
[m ] 84.12 89 4.88 -4.88
[m ] 94.42 96 1.585 -1.585
[m ] 107.18 112 4.8175 -4.8175
[m ] 142.30 138 4.3 4.3
[m ] 165.10 172 6.9 -6.9
[m ] 13.32 11 2.325 2.325
[m ] 25.88 34 8.125 -8.125
[m ] 48.12 53 4.88 -4.88
[m ] 63.84 60 3.84 3.84
[m ] 72.21 78 5.79 -5.79
[m ] 109.96 102 7.964 7.964
[m ] 121.67 120 1.666666667 1.666666667
[m ] 130.78 129 1.776666667 1.776666667
[m ] 140.74 139 1.735 1.735
[m ] 150.47 153 2.535 -2.535
[m ] 37.07 28 9.0666666667 9.0666666667
[m ] 90.16 97 6.845 -6.845
[m ] 140.19 144 3.81 -3.81
[m ] 246.20 240 6.2 6.2
[m ] 21.16 18 3.1575 3.1575
[m ] 28.27 25 3.27 3.27
[m ] 34.23 32 2.225 2.225
[m ] 40.71 37 3.7066666667 3.7066666667
[m ] 46.96 44 2.9633333333 2.9633333333
[m ] 56.05 51 5.0475 5.0475
[m ] 62.56 62 0.565 0.565
[m ] 96.69 95 1.685 1.685
[m ] 102.73 101 1.735 1.735
[m ] 111.66 111 0.655 0.655
[m ] 128.53 127 1.526666667 1.526666667
[m ] 146.54 149 2.46 -2.46
[m ] 172.64 173 0.3625 -0.3625
[m ] 199.03 194 5.035 5.035
[m ] 212.98 215 2.02 -2.02
[m ] 219.27 218 1.2725 1.2725
[m ] 236.86 236 0.86 0.86
[m ] 250.41 246 4.41 4.41
[m ] 260.86 254 6.855 6.855
[m ] 274.83 270 4.833333333 4.833333333
[m ] 279.69 278 1.695 1.695
[m ] 287.06 283 4.055 4.055
[m ] 299.86 294 5.856666667 5.856666667
[m ] 311.14 307 4.145 4.145
[m ] 324.62 319 5.62 5.62
[m ] 337.80 328 9.795 9.795
[m ] 34.43 34 0.4325 0.4325
[m ] 60.73 54 6.73 6.73
[m ] 82.83 80 2.83 2.83
[m ] 92.68 95 2.3233333333 -2.3233333333
[m ] 108.42 108 0.415 0.415
[m ] 117.31 126 8.69 -8.69
[m ] 148.52 153 4.48 -4.48
[m ] 163.17 169 5.826666667 -5.826666667
[m ] 183.82 175 8.82 8.82
[m ] 194.22 190 4.215 4.215
[m ] 214.42 221 6.5825 -6.5825
[m ] 227.51 230 2.49 -2.49
[m ] 242.94 242 0.94 0.94
[m ] 40.21 33 7.21 7.21
[m ] 57.91 56 1.91 1.91
[m ] 62.83 63 0.1666666667 -0.1666666667
[m ] 98.27 97 1.27 1.27
[m ] 24.50 24 0.5033333333 0.5033333333
[m ] 68.23 59 9.23 9.23
[m ] 132.34 131 1.34 1.34
[m ] 155.06 150 5.065 5.065
[m ] 185.31 184 1.305 1.305
[m ] 193.47 193 0.475 0.475
[m ] 208.65 204 4.646666667 4.646666667
[m ] 216.18 216 0.183333333 0.183333333
[m ] 224.93 222 2.925 2.925
[m ] 232.19 229 3.19 3.19
[m ] 253.93 247 6.93 6.93
[m ] 276.60 274 2.603333333 2.603333333
[m ] 16.90 15 1.9025 1.9025
[m ] 31.23 25 6.2266666667 6.2266666667
[m ] 40.27 36 4.265 4.265
[m ] 59.70 58 1.696 1.696
[m ] 69.76 65 4.76 4.76
[m ] 85.75 87 1.2533333333 -1.2533333333
[m ] 91.08 90 1.0766666667 1.0766666667
[m ] 112.25 116 3.755 -3.755
[m ] 115.87 116 0.13 -0.13
[m ] 148.83 149 0.17 -0.17
[m ] 163.51 170 6.493333333 -6.493333333
[m ] 219.95 216 3.95 3.95
[m ] 222.82 223 0.18 -0.18
[m ] 248.81 246 2.813333333 2.813333333
[m ] 272.42 273 0.585 -0.585
[m ] 301.48 298 3.4775 3.4775
[m ] 320.07 319 1.07 1.07
[m ] 338.98 339 0.025 -0.025
[m ] 350.30 348 2.3 2.3
[m ] 57.69 48 9.685 9.685
[m ] 148.66 156 7.34 -7.34
[m ] 182.39 185 2.606666667 -2.606666667
[m ] 214.46 209 5.455 5.455
[m ] 220.32 219 1.325 1.325
[m ] 246.11 239 7.11 7.11
[m ] 261.55 259 2.545 2.545
[m ] 325.33 324 1.326666667 1.326666667
[m ] 328.75 335 6.245 -6.245
[m ] 115.99 109 6.99 6.99
[m ] 166.81 164 2.813333333 2.813333333
[m ] 210.53 205 5.53 5.53
[m ] 220.14 219 1.14 1.14
[m ] 233.40 230 3.396666667 3.396666667
[m ] 28.03 30 1.97 -1.97
[m ] 51.52 48 3.516 3.516
[m ] 80.61 81 0.395 -0.395
[m ] 89.16 90 0.84 -0.84
[m ] 99.67 98 1.675 1.675
[m ] 104.80 109 4.2 -4.2
[m ] 115.42 123 7.5825 -7.5825
[m ] 135.88 135 0.885 0.885
[m ] 167.76 167 0.756666667 0.756666667
[m ] 174.62 169 5.615 5.615
[m ] 185.03 188 2.975 -2.975
[m ] 197.45 199 1.55 -1.55
[m ] 218.77 220 1.23 -1.23
[m ] 235.04 232 3.045 3.045
[m ] 256.08 255 1.08 1.08
[m ] 262.99 257 5.99 5.99
=====================================
GLOBAL Precision: 0.7441 Recall:0.7724  F1:0.7580  F2:0.7666  m:285  fp:98  fn:84
